Sig.1	Sig.2	Sig.3	Sig.4	Sig.5	Sig.6	Sig.7	Sig.8	Sig.9	Sig.10	Sig.11	Sig.12	Sig.13	Sig.14	Sig.15	Sig.16	Sig.17	Sig.18	Sig.19	Sig.20	Sig.21	Sig.22	Sig.23	Sig.24	Sig.25	Sig.26	Sig.27	Sig.28	Sig.29	Sig.30
Sig.1	0	0.973680225298864	1.65551501423859	1.60361921751438	1.37542721476357	2.07140952719544	1.31639346688504	1.47637953611098	1.56623199310226	1.26079983438596	1.30189535209618	1.46003168293469	1.10415357725302	1.90165688791391	1.74181702559614	1.58081933880242	1.22546222046279	1.36722136385563	1.36940114871003	1.94611021070999	1.40596341873289	1.21161842250569	0.990008689474424	1.45387964131699	1.30156417889119	1.38719226429815	1.06765844264774	1.2508899258304	1.37104479090339	1.41926959070945
Sig.2	0	0	1.78398506599517	1.9060808532268	1.87878766030276	1.57938747676824	1.3813139039194	1.7231867460473	1.76244103617705	1.40978507622133	1.32357367470527	1.54366015726167	0.968407066916023	1.4339909766264	1.68537851316923	1.78381095152806	1.50669003895378	1.69090391738597	1.83762093204531	1.54162135763733	1.55164316371895	1.40476903493176	1.39653588362794	1.56474456953027	1.86132169797208	1.57156504521174	1.53951220627326	1.58209249279494	1.71221744500112	1.97870323468382
Sig.3	1.20543056450423	0.499159169913118	0	1.41051684216091	0.663112131811817	1.37886765885969	1.09869059857676	1.0518521583641	1.15656416087548	1.31173625259456	1.02653170782775	1.03901620002656	1.04700907772903	1.19398076109115	1.1646281516089	1.04059758920269	1.10543904841679	1.53357064111188	0.985481590931392	1.22680230493185	1.13755438038042	1.08520809229547	1.03481456793244	1.37321179694199	1.12995896591486	0.987623729873271	1.12682065279915	1.14525671154157	1.52754571007549	1.78640506795481
Sig.4	0.967010506161431	1.2782740974091	0	0	1.78518531736847	1.52494661531475	1.16539100186052	1.51735654004755	1.60059481304822	1.48976390921229	1.23076167933724	1.37642452996676	1.16158357347262	1.53756788218246	1.57825659366502	1.52209678501695	1.29341456949401	1.4383377752801	1.43832910153728	1.45877929125104	1.39935807030529	0.951247512899867	1.07735486386354	1.83248348264067	1.54667752812375	1.50984420555477	1.30778976828023	1.25871832909815	1.65670436176976	1.82760944486215
Sig.5	1.07269934407276	0.802382537226686	2.51562502822898	1.73159881764874	0	1.40682957950163	1.03076093326561	1.85628017354342	1.48523930594752	1.10643002593442	0.952155102282584	1.53205587009986	1.17902139614948	1.3066392717498	1.35027790881798	1.83532993566442	1.21131052298374	1.39296283587164	1.45795357680778	1.32835265424934	1.31297162976221	1.22981477166082	0.900301868281036	1.67324201928822	1.73956838215477	1.47999203364047	1.09664734489134	1.31101696901297	1.33326593239007	1.33833858144753
Sig.6	1.24403447355683	1.29476164361978	2.28361663550894	1.95516472003872	2.30900236357402	0	1.45129472080686	1.81349029471054	1.81738869813878	1.59011234467662	1.33650423178168	1.89172944714211	1.26128120178154	1.54455274638623	1.59588317494485	2.08320862304059	1.46978106348177	1.70220787337954	1.81892582525381	1.34797469571968	1.42519647239624	1.2144388213663	1.2479289565752	1.64137327014242	1.76003228418952	1.48966244077535	1.55274007995215	1.39351198830702	1.50167971500564	1.55562191735051
Sig.7	1.74698236839237	1.04813029521044	1.82791797716227	1.49938432640798	1.78983329258522	1.28715916207096	0	1.57083286006198	1.68386033611785	1.431451214271	1.06193429665315	1.469252102135	1.17631401925215	1.77410006667164	1.60184616916949	1.69379519675238	1.39796609700471	1.41187635056202	1.73124255058045	1.45050160761438	1.24220677356067	1.30759107078571	1.44959167422788	1.59678927733099	1.62273041028094	1.44319328814048	1.49247645768239	1.45294074820586	1.58620063177512	1.68414927737592
Sig.8	1.21378408349037	0.892665391623912	1.3925587257397	1.33365329239588	0.937428139631307	1.44038392341379	1.27281208363497	0	1.51600193352441	1.2703478828466	1.01467946559738	1.26820183898097	0.989926813956708	1.1324214522793	1.42233580137377	1.67012028418104	1.20828096968243	1.29094985263439	1.12715506137795	1.34731018082863	1.38524266526739	1.19346563497069	1.21570470488358	1.36801522591007	1.36199763481824	1.34076155697741	1.19482853048201	1.38441031903948	1.12554373371551	1.65591771047474
Sig.9	1.13144823721765	0.807839630040788	1.38805908588148	1.56428934142177	0.749888142853155	1.00894679600329	0.946219796965014	0	0	1.04875708418811	1.13942230812605	1.18725861401992	1.00890591337284	1.15555822145953	1.2759780084827	1.38432164081553	1.11491187953862	1.18335135667051	1.17396694372058	1.27774001261216	1.04107470414749	1.01946496697633	1.11156111884022	1.34149896410967	1.35503621986286	1.12277445520117	1.1386051859231	1.33626946971419	1.2152769045494	1.54154242115974
Sig.10	0.899380593123651	1.44057483867977	1.93051363750764	2.05040749605341	2.19096333520411	1.62493240694134	1.61882865882484	1.89328090593436	1.70068614793308	0	1.3655728500829	1.62933136243731	1.40650330561877	1.42195941636847	1.42425777871185	1.77096390471353	1.39577870555538	1.77277732994312	1.68120282427498	1.49069284897174	1.42358263623525	1.39556714846163	1.51337254646241	1.81623848354544	1.57842820292953	1.42930655212055	1.6390870379734	1.30364579699894	1.76539583790559	1.72510064656571
Sig.11	1.93892541597319	0.751199865993973	1.88229174167069	2.1202157259076	2.06377831324554	1.4505124292453	1.6413261682674	1.697195757299	1.84318809399179	1.67292068035677	0	1.51308392447422	1.61532271253564	1.53247481831018	1.71997464666771	1.61915823263507	1.59489068950324	1.56925455734872	1.76771192472081	1.4382976357023	1.24782070158483	1.35839597877517	0	1.4204378547327	1.71344720780338	1.41626127150228	1.49945933600147	1.42468044876332	1.54305075628866	1.90596971453004
Sig.12	1.41680843576772	0.936310538342546	0	1.45914101567194	1.14297449703488	1.71292261452781	0.893472127046058	1.48632718195649	1.67573444658986	1.42462403662162	1.16870358536013	0	1.22338831678414	1.60399066861404	1.70713970660974	1.27949285908858	1.56183636512997	1.41171599358887	1.43836145247001	1.49458042377013	1.85501242985331	1.22409642119257	1.21639048294036	1.49740890851751	1.5685279705735	1.92780267146216	1.35967204356857	1.61228910937524	1.35207525562119	1.82161557091719
Sig.13	1.39678805565645	0.956421376954985	1.54642597882297	1.65573927338621	1.46323687482274	1.75520328397715	1.89027124728853	1.86634770546616	1.73950647092624	1.06247779341452	1.44900501977697	1.71077371449674	0	1.48844609112876	1.46337285665563	1.50911797858366	1.38173549407726	1.23021409599131	1.38393518586837	1.52747848524756	1.58026770526384	1.39006686086839	1.20339871552448	1.29308567177233	1.39442756396171	1.37512786116207	1.22815395982853	1.4481569481358	1.64218644430962	1.54075495612714
Sig.14	1.64410961711503	0	1.72925248398382	1.98191217373326	2.03533962517256	1.25624353729192	1.0084043633292	1.73633485741566	1.45638957251949	1.38066971859312	1.03821076801759	1.34802728819385	2.1572785565641	0	1.24049355290174	1.81708872953989	1.44280512659328	1.63252801349117	1.46372146562028	1.48459650089346	1.40376921256016	1.40523436210463	0.954502155604645	1.52860660573747	1.76294348792284	1.48197091045954	1.31836074472778	1.50534319005502	1.64421657926995	1.5049268519601
Sig.15	0	0	1.54053451250455	1.78639010968182	1.32122663497232	1.46488767120291	1.07628013697174	1.44621212468906	1.02289714178326	1.09756969803799	1.24198917362019	1.47933092496545	0	1.63047632078606	0	1.49396988863503	1.24455408768258	1.32813383006325	1.52403582567665	1.66920478574571	1.41596765733216	1.19518289753046	1.36143137786986	1.33757522033682	1.59910172014304	1.10425526074132	1.23982694154166	1.12026831144152	1.37944906593123	1.40310435539749
Sig.16	1.05146565589469	0	0	0.964740353016203	0	1.45661379655048	0.723947727984019	0	1.29221521261456	1.30539082610583	0.952373353540309	1.89362481742333	0	1.21166628526073	1.39606470861422	0	1.17887079131288	1.20873534372088	1.29119804691509	1.48998664642323	1.77836708732919	1.27336524770825	1.03714941314411	1.20935222965311	1.60050984550018	1.97391707858377	1.1650635573133	1.13609164278305	1.35903666680564	1.3526527552048
Sig.17	0	0	1.62163376712342	1.55605703464478	1.47213622809115	1.20637193839679	1.02586721564861	1.5637624430448	1.43179455026142	0.877933192678962	0.935921918508163	1.39146383170728	0	1.14396561316235	1.15464613680769	1.64921143612698	0	1.39679070774161	1.48313878067946	1.36031760496414	1.51042806902588	1.2754613213258	1.25099053384969	1.46360135639787	1.8038685533511	1.40872414858615	1.34649676156291	1.88934578669987	1.3088727279388	1.55273120393795
Sig.18	1.36175457732943	0	1.5794338808178	1.30684308666406	1.40398161236743	1.52565351883689	1.28096525040746	1.19279306258393	1.35532925328516	0	1.11913692280499	1.45348940872963	0	0.86009760076947	0.916768388487404	1.43750348921488	1.44604355502748	0	1.43646744186356	1.52798601558221	1.35396866573096	1.25180711937228	1.1487335215903	1.79328299505337	1.61446151168815	1.42928976661309	1.38289821748104	1.48285125162853	1.83070989453517	1.58883900065499
Sig.19	0	0	0	1.23818955546916	0.610828002932297	1.0353423982092	1.20233750859086	0.784656248503907	0	0	1.21831812275074	1.06090023980109	0	1.09436301088987	0.673846853856916	0.698922335891955	0	0.864849850845074	0	1.47147705807836	1.27984611917859	0.974258344150414	1.31945741514612	1.26446269715353	1.17302260647222	1.30666202172582	1.18406367826622	1.08570993858313	1.21742388792742	1.47918162439308
Sig.20	1.62612982446827	0	1.20867341965153	1.31297860285085	1.44560764553943	1.08355926633942	1.219589951585	1.60406733771479	0	1.21544176441562	0.956466105563375	1.26110122482464	0	1.58425980466417	1.42221319666836	1.44001807370774	0	1.23887916605681	0.917695953796599	0	1.23562257883714	1.21060413360671	1.13557720751693	1.52550387435091	1.5139436438428	1.35062423725117	1.16261327397849	1.33461993807452	1.29331141490157	1.47478651349512
Sig.21	0.969740506031277	0	1.90368064117754	2.10346601885109	2.23225107068449	1.74035425216653	1.38875602636144	2.17974577580244	1.68235103310152	0	1.01941423179234	1.22463599583348	0	1.84683662748753	1.24473537679882	2.49014601396572	1.26463360622379	1.94830569727284	1.99401648299105	1.75730390387952	0	1.32594352193677	1.21657148768353	1.7209943047389	1.83568707031346	1.11218511828386	1.33377361159078	1.22484608889193	1.44568622547897	1.61771607607513
Sig.22	0.861447680856044	0	1.90529016185829	1.65649245150579	1.71532684711675	1.85902157724947	1.62383895122329	1.26882954830708	1.91416609489265	0	1.20244503484737	1.78825596868821	0	1.9863447205714	1.57975882882762	1.77433576564589	1.36341990247664	1.75227433025541	1.93584243831748	1.87323708575169	1.83655281867947	0	1.4910486529853	1.74712216937881	1.14289690565433	1.7209556714075	1.63687886544681	1.49398381291551	1.82374769950386	1.57232503349919
Sig.23	1.3402497950131	1.33347830011002	2.29929736811042	1.78015220529733	2.0886667952017	1.70707180493863	1.55249985034595	2.32531390453701	1.9169158823476	0	0.498460691726467	1.84294655950524	0	2.23850405895217	0	2.30753444754429	1.23142715630623	2.02820010002162	0.707180848039963	1.46543135301306	0	1.48664740079953	0	1.65117666587909	2.14993188896057	1.70055344311109	1.57545317056706	1.56232168761103	1.69453112111335	1.75580364420298
Sig.24	1.21023504876069	0	1.29271150301728	1.15983314194808	2.01814576422529	1.61992555072392	1.52392313116476	2.36094982882366	0	1.65222552257107	1.20555343647175	1.78305233395771	0	1.51491244954332	1.48130513900526	2.03478120696314	0	1.54091944274931	1.54672215955766	1.8004812913565	1.1742786740338	1.87788839598139	1.02217474827512	0	1.86285520300604	1.52717195629016	1.29487122513162	1.45519412760575	1.77705955629154	1.46202385565687
Sig.25	0.927635305301603	0	0	1.08467936026203	0.734215436393026	1.17287881046164	0.839776342279467	0	0	0	0.598154673265567	1.09271925848557	0	0.952419925538841	1.04929300708974	1.22767537305583	0	0.926503526683413	0.829921598077618	1.19193165066291	1.05436515343447	0	0.821705410860304	0.892362081364392	0	1.07677234153129	0.944029240856547	1.1737027757612	1.18383315705588	1.65317158419167
Sig.26	0.817972828688864	0	0	1.21782014399259	0	1.68230241928755	0.853456174651133	0	1.437628352026	0	0.788661256350393	1.02189265531777	0	1.17581942271652	0.573143139269378	1.24982351074407	0	1.36254705514547	1.23441891454857	1.54793494524437	1.65944753292776	1.08752487440562	0.876479495672574	1.13868071294224	1.08110278991713	0	1.27196494365207	1.18319943978086	1.3728921156791	1.44823379842323
Sig.27	0	0	1.75191901509278	1.55647873149607	1.55381989851504	0.736207130614447	1.4816225028076	1.48509503395872	1.50544019304636	0	1.47577219855345	1.29843766859632	0	1.5672369793064	0	1.79758287472503	1.7121417568087	1.72097928117555	1.61947287915208	0.861733047587783	1.62967387141917	2.05203477142695	1.52226364654129	1.38479887364728	1.56420746188729	0	0	1.45926823904726	1.5646068074844	1.52583797093278
Sig.28	1.27731357183933	0	0.985532733203683	1.63826174938106	1.23852804709687	1.54400901728916	1.50910811647856	1.46350755757003	0	0	1.60904286138747	0	0	1.59012744882457	1.50808863570863	1.00418597589127	0	1.47288003783932	1.48755027919245	1.36546432707933	1.12404229405914	0	1.55511416001543	1.74551512122925	1.28785580199091	1.20702668801344	0	0	1.56130784709435	1.62271479753755
Sig.29	0	0	0	1.20307314247658	0	0.737889405467109	1.02856519283151	0.998516030823222	1.38870950435308	0	0.706492027486045	1.12426975988772	0	0	0.914940421535017	1.41708110650084	0	1.18275518904118	0	0	0	1.13738017353885	0.868819470369133	0	1.57178447694166	0.704002798101936	0	0.783780462571315	0	1.37253764875599
Sig.30	0	0	0.852104197105106	1.13548390444597	0	0	0.74606037563979	1.67253492584754	1.47264986520874	0	0	1.36469908198084	0	0	0	1.46700986902699	1.00635037702412	0	0	0.822091354527055	0	0	0	0.821538552120167	1.15818752536277	1.09571028235123	0	1.46847428343728	1.3739696020311	0
