Sig.1	Sig.2	Sig.3	Sig.4	Sig.5	Sig.6	Sig.7	Sig.8	Sig.9	Sig.10	Sig.11	Sig.12	Sig.13	Sig.14	Sig.15	Sig.16	Sig.17	Sig.18	Sig.19	Sig.20	Sig.21	Sig.22	Sig.23	Sig.24	Sig.25	Sig.26	Sig.27	Sig.28	Sig.29	Sig.30
0	0.176924983853137	0	0	0.162808491593113	0	0	0.094182981349451	0	0.151975048158564	0	0	0	0	0	0	0.128864328006765	0.107524390884403	0	0	0.137642790701573	0	0.250225958805585	0	0.150364209278248	0.156676367401344	0.184308016243997	0	0.197176340553941	0.1257017331679
1.27020208954727	0	0	0	0	0	0	0	0	0	0.166080048066563	0	0.413998113472028	0	0	0	0	0	0	0	0	0	0	0	0	0	0	0	0	0
0	0.205751655476911	0	0	0.468733180647317	0	0	0.311216922941628	0	0	0.0873753509160964	0.201540948717904	0.143067044969118	0	0.0945536821730414	0.183280962030149	0.129749591789346	0	0.133829336419345	0	0	0.102398185893949	0	0.0968472775706798	0.115832806537078	0.217587488725371	0.148636102975495	0	0	-0.0796534783979612
0.689825699778504	-0.150308723516526	3.39683860302986	0	0	0	0	0.141822405313136	0	0	0	0	0	-0.0890849495888168	0	0	0	0.112871296033349	0	0	0	0.140346966418519	0.0548640408436888	-0.130189183955528	0	0	0	0	0	-0.235338349408074
0.556263000167196	0	2.20350538717698	0.56173684413104	0	0	0.109031373925717	0	0.0929854458701672	0	0.164344294745388	0.137888011416816	0	0	0.15488203393206	0	0.12219187057331	0.0785711845431187	0	0	0	0	0.139646901056659	0	-0.130768692294407	0.119310236584781	0.226540521382383	0	0.153557306447937	-0.0856517956162367
0.750144638072915	0	0	0	0	0	0	0	-0.115157704574216	-0.128996632724478	0	-0.132475752251148	0	0	0	-0.205098019332559	0	0	0	0	0	0	0	0	0	0	0	0	0	0
0	0.359452610408841	0	0	0	0.335300445878064	0	0	0	0	0.32628606485168	0	0.14218118203943	0	0	0	0	0	0	0	0	0	0	0	0	0	0	0	0	0
0.508753449362207	0	2.72565938884171	0.777198257212952	1.49048443961259	0	0	0	-0.171412132753211	0	0	0.135240487395664	0.131706438749767	0.118394313681862	0	-0.12096976448374	0.1275480161918	0	0.145296008173926	0	0	0.122769064699417	0	-0.0632501221499858	0	0	0.101942660009952	0	0	-0.148803671217278
0.45943096080706	0	1.71398284104116	0	1.27484979363385	0	0	2.50619677714797	0	0	0	0	0.11091440556419	-0.0630975110321321	0	0	0	0.0964267609154232	0	-0.0676427365872735	0	0.137236451072456	0	0	0	0	0.066201472306576	0	0	0
1.27266898535362	0.418812934044961	0	0	-0.538930807102454	0	0	0	0	0	0	0	0	0	0	0	0	0	0	0	0	0	-0.155836984853007	-0.125289166725167	0	0	0	0	0	-0.220902062922172
0	0.626472335191076	0	-0.518150195863183	-0.454032147771751	0.17796592494449	0	0	0	0	0	0	-0.144186609870927	0	0	0	0	0	0	0	0	0	0	0	0	0	0	0	0	0
0	0	3.1919298131059	0	0.741263571333291	0	0.375372138308194	0.591770694532705	0	0	0.113271773031285	0	0	0	0	0	0	0.0512683798516929	0	0.111321575200341	0	0	0	0	0	0	0	0	0.122469976428663	-0.251266884885201
0.47789597552013	2.17466827854576	0	0	0	0	0	0	0	1.37785649717754	0	0	0	-0.0877118962133074	0	0	0	0	0	0	-0.115991965246092	0	0	0	0	0	0	0	-0.135832961702855	0
0	5.54320650611934	0.579721241203	0	0	0.234009797152522	0	0	0.865346440764035	0.801172751438496	0.150257274934406	0.396073005101791	0	0	0.201946486255003	0	0	0.0760959990024783	0	0	0	0	0.0711638957701816	0	0	0	0.0887057209137194	0	0	-0.20905251303495
2.32313255928988	7.06258816159674	0	0	0	0.557671883454167	0	0.42846799090611	0.977744937968514	1.39557151123121	0.172201804805852	0	38.7858823321833	0	0	0	0.091328749961709	0.124724984904532	0	0	0	0	0	0.115600979436086	0	0.272696381451617	0.12655903132522	0	0	0.123580102117758
0.877543920145775	6.71865590478457	3.110079148961	0.822072491064873	2.8738049197839	0	0.257449850348276	3.05201538712763	2.23254382211812	0	0.110560244025587	0	20.7597038390515	0	0	0	0	0.156002874916217	0	0	-0.157511205864689	0.0807189977802813	0	0.113545370320152	0	-0.0745598499371661	0	0.11620333228457	0.108521863391753	0
1.51874757743212	5.39036661573091	0	0	0.316164752236378	0	0	0	0	1.59203699084242	0.229866519846018	0	11.4794619730562	0.309779374089812	0.764355631980529	0	0	0	0	0	0	0	0	0	0	0	0	-0.127071571962357	0	0
0.628463449270955	2.93179336580127	0.53845282942988	0.476104082952981	0.393916117954292	0	0	0.844812380476017	1.05550068723887	4.57711358415227	0	0	13.4339593781569	0.568172893154072	1.14267601348284	0.506101300534414	0	0	0	-0.0896730635544613	0	0	0	0	0	0	0	0	0	-0.154000255545146
2.51959712547921	2.76879982136176	1.83299288955626	0.355899284313963	1.12677245193152	0.849994131432427	0.183320599669124	0.933947648331649	2.32234319476414	14.7553490444754	0.142112617126163	0.475203092359688	6.73042177158932	0.30185751136192	1.55831768113431	1.08347791877755	3.85542871039155	0.592693518088076	0	0	0.109806963009893	0.166600226072322	0	0.0954668173887914	0.160743652443753	0.17886794836991	0.144496727576945	0	0.090769781186331	-0.118857140074381
0.776156183822251	2.66288053025538	1.27524631797138	0.466369134864313	0.601147818662359	1.12305154910799	0	0.508436186684805	2.08606041661441	1.93661089370159	0.214914163116782	0.461832535246308	4.05794334562873	0	0.671479559723483	0.448479329662241	1.7962895680646	0	0.649647144075159	0	0	0.0666532106325857	0	0	0	0.168367403172203	0.141679650389595	0	0.104023402325439	-0.0936358959870916
1.35767222742069	4.0163845238128	0	0	0	0	0	0	0.747986034185704	6.20286634530208	0.198217491901228	0.619688734439357	8.98684733054664	0	0.624711960422685	0	0.704251066650548	0	0	0	0	0	0	0	0	0.315717351994132	0	0	0	-0.185412682931465
1.69554367809558	1.46891847370823	0	0	0	0	0	0	0	2.69589053048164	0	0	3.53274206423369	0	0	0	0	0	0	0	-0.361627165578435	0	-0.148808432222212	-0.119970856912601	0.154354436016712	0	0	0	-0.172511033657543	0
0.989315081944743	1.22566104276594	0	0	0	0	0	0	0	20.9599183705219	0.761356684513686	0	3.95402204479344	0	2.02285452667762	0	0.795676163624222	-0.317800080280372	1.01666087482981	0.477396555688725	1.40074705385692	0	0	0	-0.210397331812314	0	0	0	0	0
1.04291504341272	2.91746245534012	1.46929257720225	1.26453184561931	0	0	0	0	1.6826105573369	0	0.145834179704893	0	32.5156842908886	0	0.576864878376803	0	3.61692539015086	0.277860625379156	0	0	0.354854383939955	0	0.122393555497359	0	0	0	0	0	0	0
0.654362745638839	2.41640356570368	4.68338935693523	1.83889016649471	1.8284354584455	0	0.30773421621652	3.65780583206009	2.69115564585073	4.51539667032611	0.373313612094335	0.813907798309675	10.1035826384687	0	0.331259551700413	1.45301678917745	2.70071967357957	0.846431833711031	0.952278045420543	0	0.0768436522003454	6.27392707709234	0.131709752698118	1.4042679435417	0	0.135801702292999	0.0986608770178044	0.0688807742177919	0	-0.0987825391130368
1.88017526838174	3.55728679550642	3.00407636649833	0.924850748235165	6.03613670833627	0	0.374731138238961	2.14491657095142	1.00410919143543	2.46352867295354	0.359924217463972	3.46615533001874	28.8583495130495	0.395453736024626	2.52238221102914	2.06147676127899	2.47863704371151	0	1.06746378213937	1.40508887166094	2.64826881575585	1.97160880028568	0.191254097286585	0.459588862867942	1.47421744208476	0	0	0.104396145252897	0	-0.0936249671151594
9.16395003844991	2.41429778027164	0	0	0	1.62393321838363	0	0.306710905832261	0	7.77057831018813	0	0.948520156491065	3.95153097220793	0	6.17820902367204	0	0	0	0	1.43070943324	0	1.96093122586985	0	0	0	2.17436007287083	0	0	0	0
1.02395034736795	6.28262575260354	0.948997350224402	0	0.765520748512091	0	0	0.56482296356817	2.2628052727118	19.8119208637901	-0.377921350317357	5.36605869919748	5.01656534667167	0	0.688633540891339	1.29218579145682	4.67042332752325	0	0	0	1.8337642692619	2.68320101280991	0	0	0.811886665910348	1.13381886824353	9.75866405011313	0	0	-0.189709775496111
3.73906435586707	1.63455442468542	3.15993480556398	2.16649500487272	2.89868902869254	1.83195350147189	0	1.81317589632509	0.919316087367837	5.03136504845698	0.408704869442705	1.6960514923024	9.79491645303044	2.45886056349284	2.18242620460856	1.09004810880457	2.86155663375286	2.50730721007045	1.53549117881428	2.5048932745768	4.80717697600044	2.14704712085552	0.205285249645304	5.12946000311205	0	2.42928694891164	4.21587295954213	2.49209874006676	0	-0.122650475496777
7.35945504981262	34.5696465261795	1.81690487571743	1.77501148853283	2.78968834945145	4.94967061124864	3.53078448799025	0.512526308591603	0.742655767789602	3.79146903284723	3.94110166727273	1.37075319622587	9.93834488979441	5.04495423312556	12.0955128824914	1.07334762218099	2.1546254870817	3.74785814163154	3.14567593379741	2.52801051299105	4.17439185551548	12.5312558655732	2.81847246686834	2.21223273300299	1.29935369206449	2.09725930097996	4.31268603853991	1.05062060343844	1.49096679016273	0
