TCGA-BH-A0EI-01A-11D-A10Y-09	TCGA-E9-A22B-01A-11D-A159-09	TCGA-OL-A5RV-01A-12D-A28B-09	TCGA-C8-A275-01A-21D-A16D-09	TCGA-E2-A1IO-01A-11D-A142-09	TCGA-E9-A22G-01A-11D-A159-09	TCGA-D8-A1XY-01A-11D-A14K-09	TCGA-AR-A0TS-01A-11D-A10Y-09	TCGA-AC-A3YJ-01A-11D-A22X-09	TCGA-AN-A0AJ-01A-11W-A019-09
A[C>A]A	1	0	0	2	0	1	0	1	0	0
A[C>A]C	0	0	0	0	0	0	0	0	0	1
A[C>A]G	0	0	0	0	0	0	0	1	0	0
A[C>A]T	0	0	0	0	0	2	0	0	0	0
C[C>A]A	0	0	0	1	0	1	0	0	0	0
C[C>A]C	0	0	0	1	0	2	1	1	0	1
C[C>A]G	0	0	0	0	0	0	0	0	0	0
C[C>A]T	0	0	0	0	0	1	2	0	0	0
G[C>A]A	0	0	0	0	1	1	0	0	0	2
G[C>A]C	0	0	0	0	0	3	0	1	0	2
G[C>A]G	0	0	0	0	0	0	1	0	0	0
G[C>A]T	0	1	0	0	0	0	0	0	0	0
T[C>A]A	1	2	0	1	0	4	0	0	0	0
T[C>A]C	0	0	0	1	1	2	2	1	0	3
T[C>A]G	0	0	0	0	1	0	1	0	0	0
T[C>A]T	0	0	0	0	0	2	1	0	1	1
A[C>G]A	0	0	0	0	0	2	0	0	0	0
A[C>G]C	0	0	0	0	0	4	0	0	0	0
A[C>G]G	0	0	1	0	0	0	0	0	0	0
A[C>G]T	0	0	0	1	0	0	0	0	0	1
C[C>G]A	0	1	0	1	0	2	0	0	0	0
C[C>G]C	0	0	0	0	0	4	0	0	1	0
C[C>G]G	0	1	0	1	0	0	0	0	0	0
C[C>G]T	0	0	0	0	0	0	1	0	0	3
G[C>G]A	0	0	0	0	0	2	0	0	0	0
G[C>G]C	0	0	0	0	0	1	0	0	0	0
G[C>G]G	0	0	0	0	0	2	0	0	0	1
G[C>G]T	0	0	0	0	0	0	0	0	0	0
T[C>G]A	0	1	0	16	0	2	0	0	0	3
T[C>G]C	0	0	0	5	0	0	0	0	0	0
T[C>G]G	0	0	0	0	0	1	1	0	0	0
T[C>G]T	0	2	0	13	0	3	1	1	0	5
A[C>T]A	0	1	0	2	1	0	0	0	1	0
A[C>T]C	0	0	0	0	0	2	0	1	1	1
A[C>T]G	1	5	2	3	1	1	4	0	2	4
A[C>T]T	0	0	0	0	0	2	0	0	0	1
C[C>T]A	0	1	0	2	0	1	0	0	0	1
C[C>T]C	1	1	0	0	0	2	1	1	1	0
C[C>T]G	3	4	0	5	1	4	4	4	4	6
C[C>T]T	2	1	0	1	1	2	0	0	2	0
G[C>T]A	0	0	0	2	0	2	0	1	0	0
G[C>T]C	0	0	1	3	0	1	0	0	0	2
G[C>T]G	2	4	1	1	0	1	2	2	3	7
G[C>T]T	1	0	0	1	0	2	0	0	0	1
T[C>T]A	0	4	0	15	1	1	2	0	2	1
T[C>T]C	0	1	0	11	0	2	1	0	2	2
T[C>T]G	1	2	1	6	1	2	1	0	1	9
T[C>T]T	2	5	0	6	0	1	3	0	2	2
A[T>A]A	0	0	0	0	0	0	0	0	0	0
A[T>A]C	0	0	1	1	1	1	0	0	0	0
A[T>A]G	1	1	0	0	0	0	0	1	1	0
A[T>A]T	0	1	0	0	0	0	1	0	0	0
C[T>A]A	0	0	0	0	0	0	0	0	0	0
C[T>A]C	0	0	0	0	0	1	0	0	0	0
C[T>A]G	0	0	0	0	0	0	0	1	0	0
C[T>A]T	0	0	0	0	0	2	0	0	0	0
G[T>A]A	0	0	0	1	0	0	0	0	0	0
G[T>A]C	0	1	0	0	0	0	0	0	0	0
G[T>A]G	0	0	0	1	0	1	0	0	0	1
G[T>A]T	0	0	0	0	0	0	0	0	0	0
T[T>A]A	0	0	0	0	0	0	0	0	0	1
T[T>A]C	0	0	0	0	0	1	0	0	0	0
T[T>A]G	0	1	0	0	0	0	0	0	0	1
T[T>A]T	0	0	0	0	0	0	0	0	0	0
A[T>C]A	0	1	0	0	0	3	1	0	2	2
A[T>C]C	1	0	0	2	0	3	0	0	0	1
A[T>C]G	0	1	0	0	0	1	0	0	1	1
A[T>C]T	0	1	0	0	0	1	1	0	0	1
C[T>C]A	0	0	0	0	0	0	0	0	0	1
C[T>C]C	0	1	0	0	0	2	0	0	0	0
C[T>C]G	0	0	0	0	0	4	0	1	0	0
C[T>C]T	0	2	1	1	0	1	1	0	0	0
G[T>C]A	0	1	0	0	0	3	0	0	0	0
G[T>C]C	0	0	0	1	0	1	0	0	1	0
G[T>C]G	0	0	0	0	0	2	0	0	1	2
G[T>C]T	1	0	0	0	0	1	0	0	0	0
T[T>C]A	0	0	0	1	0	0	0	0	0	0
T[T>C]C	0	0	0	0	0	0	0	1	1	0
T[T>C]G	0	0	0	0	0	0	0	0	0	0
T[T>C]T	0	0	0	0	0	0	0	0	1	0
A[T>G]A	0	0	0	0	0	1	0	0	0	0
A[T>G]C	0	0	0	0	0	0	1	0	0	0
A[T>G]G	0	0	1	0	0	0	0	0	0	0
A[T>G]T	0	1	0	1	0	0	0	1	0	1
C[T>G]A	0	0	0	0	0	0	0	0	0	0
C[T>G]C	0	0	0	0	0	1	0	0	0	1
C[T>G]G	0	0	0	0	0	1	0	0	0	0
C[T>G]T	0	0	0	0	0	2	0	0	0	0
G[T>G]A	0	0	0	0	0	0	0	0	0	0
G[T>G]C	0	0	1	0	0	0	0	0	0	0
G[T>G]G	0	0	0	0	0	0	0	1	1	0
G[T>G]T	0	0	0	0	0	0	0	0	0	0
T[T>G]A	0	0	0	0	0	1	0	0	0	1
T[T>G]C	0	0	0	0	0	0	0	0	0	0
T[T>G]G	0	0	0	0	0	1	0	0	0	0
T[T>G]T	0	1	0	0	0	0	1	0	0	1
